topic_0,topic_1,topic_2,topic_3,topic_4,topic_5,topic_6,topic_7,topic_8,topic_9,issue_id
0.001234567901234657,0.001234567901234657,0.001234567901234657,0.001234567901234657,0.001234567901234657,0.001234567901234657,0.001234567901234657,0.9888888888888884,0.001234567901234657,0.001234567901234657,MAPREDUCE-2287
0.0005847953216375131,0.2729114448615158,0.0005847953216375131,0.21501183333044846,0.0005847953216375131,0.0005847953216375131,0.5079831545565732,0.0005847953216375131,0.0005847953216375131,0.0005847953216375131,MAPREDUCE-5332
0.5183924225840253,0.0006622516556292833,0.0006622516556292833,0.0006622516556292833,0.0006622516556292833,0.0006622516556292833,0.4763095641709406,0.0006622516556292833,0.0006622516556292833,0.0006622516556292833,MAPREDUCE-989
0.00024330900243314828,0.00024330900243314828,0.30932922554772385,0.16664276896490074,0.00024330900243314828,0.00024330900243314828,0.00024330900243314828,0.22580360363715365,0.00024330900243314828,0.29676454783562284,MAPREDUCE-7366
0.0001848428835490064,0.20442247057122195,0.0001848428835490064,0.22322282249953182,0.0001848428835490064,0.0001848428835490064,0.5710608067444033,0.0001848428835490064,0.0001848428835490064,0.0001848428835490064,MAPREDUCE-7295
0.0001883239171374916,0.0001883239171374916,0.0001883239171374916,0.0001883239171374916,0.0001883239171374916,0.0001883239171374916,0.0001883239171374916,0.0001883239171374916,0.9983050847457626,0.0001883239171374916,MAPREDUCE-7274
0.00028490028490033383,0.00028490028490033383,0.00028490028490033383,0.6495753452114222,0.00028490028490033383,0.28735565875553826,0.06107469403873712,0.00028490028490033383,0.00028490028490033383,0.00028490028490033383,MAPREDUCE-7236
8.257638315444009e-05,8.257638315444009e-05,8.257638315444009e-05,8.257638315444009e-05,0.7953438475097568,8.257638315444009e-05,8.257638315444009e-05,0.20399554142500745,8.257638315444009e-05,8.257638315444009e-05,MAPREDUCE-7219
0.00024330900243313376,0.3684607453765764,0.00024330900243313376,0.00024330900243313376,0.22523113495845695,0.14805567280182855,0.00024330900243313376,0.25679259284853934,0.00024330900243313376,0.00024330900243313376,MAPREDUCE-7190
0.11371926914315922,0.00022172949002221022,0.00022172949002221022,0.00022172949002221022,0.00022172949002221022,0.30801228858257335,0.00022172949002221022,0.1343976126828985,0.00022172949002221022,0.4425404526512358,MAPREDUCE-7185
8.326394671111142e-05,0.1101905767778538,8.326394671111142e-05,8.326394671111142e-05,0.37814134274663935,0.2397487297158885,8.326394671111142e-05,8.326394671111142e-05,0.2714197670793518,8.326394671111142e-05,MAPREDUCE-7180
0.7383690739092124,6.246096189882453e-05,6.246096189882453e-05,6.246096189882453e-05,6.246096189882453e-05,6.246096189882453e-05,0.09093655989134752,0.17025713946614843,6.246096189882453e-05,6.246096189882453e-05,MAPREDUCE-7173
0.0012345679012346292,0.0012345679012346292,0.0012345679012346292,0.0012345679012346292,0.0012345679012346292,0.0012345679012346292,0.0012345679012346292,0.0012345679012346292,0.0012345679012346292,0.9888888888888884,MAPREDUCE-6785
0.0002493765586035236,0.0002493765586035236,0.0002493765586035236,0.0002493765586035236,0.0002493765586035236,0.9977556109725684,0.0002493765586035236,0.0002493765586035236,0.0002493765586035236,0.0002493765586035236,MAPREDUCE-7169
0.00036900369003696774,0.00036900369003696774,0.00036900369003696774,0.00036900369003696774,0.00036900369003696774,0.00036900369003696774,0.00036900369003696774,0.00036900369003696774,0.00036900369003696774,0.9966789667896673,MAPREDUCE-7153
0.0001490312965723077,0.0001490312965723077,0.0001490312965723077,0.0001490312965723077,0.998658718330849,0.0001490312965723077,0.0001490312965723077,0.0001490312965723077,0.0001490312965723077,0.0001490312965723077,MAPREDUCE-7148
0.1528467382957413,0.6957646425569464,0.00031152647975082133,0.00031152647975082133,0.00031152647975082133,0.00031152647975082133,0.00031152647975082133,0.00031152647975082133,0.00031152647975082133,0.14920793378905672,MAPREDUCE-7141
0.11452789451634017,0.00015600624024963137,0.00015600624024963137,0.00015600624024963137,0.44949599697093584,0.00015600624024963137,0.00015600624024963137,0.4348840648309763,0.00015600624024963137,0.00015600624024963137,MAPREDUCE-7127
0.3274820242560955,0.3735046086602285,0.00038314176245215456,0.00038314176245215456,0.00038314176245215456,0.2963313747465108,0.00038314176245215456,0.00038314176245215456,0.00038314176245215456,0.00038314176245215456,MAPREDUCE-7121
0.00013315579227698803,0.00013315579227698803,0.00013315579227698803,0.00013315579227698803,0.6646336368693857,0.12892454724397323,0.00013315579227698803,0.00013315579227698803,0.00013315579227698803,0.20550972534070217,MAPREDUCE-7110
0.0008264462809918881,0.0008264462809918881,0.10035369769507757,0.0008264462809918881,0.0008264462809918881,0.0008264462809918881,0.0008264462809918881,0.8930347320569875,0.0008264462809918881,0.0008264462809918881,MAPREDUCE-7097
0.15568031696190218,0.0937746810420184,7.686395080708863e-05,7.686395080708863e-05,0.27250683155438366,7.686395080708863e-05,0.34076695727182477,0.13688689341583574,7.686395080708863e-05,7.686395080708863e-05,MAPREDUCE-7065
0.00032154340836022143,0.00032154340836022143,0.00032154340836022143,0.27972795252850763,0.00032154340836022143,0.00032154340836022143,0.12911063963086958,0.3599479124374454,0.22928423495301611,0.00032154340836022143,MAPREDUCE-7044
0.00019193857965455117,0.39130076511323475,0.00019193857965455117,0.00019193857965455117,0.00019193857965455117,0.00019193857965455117,0.00019193857965455117,0.3463203378282519,0.00019193857965455117,0.2610353270009314,MAPREDUCE-6974
0.0005847953216375595,0.0005847953216375595,0.0005847953216375595,0.0005847953216375595,0.0005847953216375595,0.5515628131383832,0.0005847953216375595,0.4437588242885162,0.0005847953216375595,0.0005847953216375595,MAPREDUCE-6935
0.00031152647975081103,0.00031152647975081103,0.00031152647975081103,0.00031152647975081103,0.00031152647975081103,0.00031152647975081103,0.9971962616822428,0.00031152647975081103,0.00031152647975081103,0.00031152647975081103,MAPREDUCE-6994
0.0002932551319648575,0.0002932551319648575,0.0002932551319648575,0.0002932551319648575,0.0002932551319648575,0.0002932551319648575,0.8483119409459083,0.14934201799837288,0.0002932551319648575,0.0002932551319648575,MAPREDUCE-6989
0.00028490028490032695,0.00028490028490032695,0.00028490028490032695,0.34066952047088217,0.00028490028490032695,0.00028490028490032695,0.24928473391367112,0.00028490028490032695,0.00028490028490032695,0.40805144362114426,MAPREDUCE-6988
0.045890187307175666,6.798096532974199e-05,0.15676187064868796,6.798096532974199e-05,6.798096532974199e-05,6.798096532974199e-05,0.019205935795287073,0.3441962506967612,6.798096532974199e-05,0.4336058507254394,MAPREDUCE-6956
0.42596209388002876,0.0002770083102493544,0.0002770083102493544,0.5718218396379764,0.0002770083102493544,0.0002770083102493544,0.0002770083102493544,0.0002770083102493544,0.0002770083102493544,0.0002770083102493544,MAPREDUCE-6938
0.0002849002849003448,0.0002849002849003448,0.0002849002849003448,0.0002849002849003448,0.6582608194255395,0.0002849002849003448,0.3394599782952578,0.0002849002849003448,0.0002849002849003448,0.0002849002849003448,MAPREDUCE-6916
0.00020790020790023157,0.08802824244443509,0.21366266455807428,0.6968537915421892,0.00020790020790023157,0.00020790020790023157,0.00020790020790023157,0.00020790020790023157,0.00020790020790023157,0.00020790020790023157,MAPREDUCE-6893
0.0001386962552011525,0.31704432364417207,0.46633796749206974,0.0001386962552011525,0.0001386962552011525,0.10632159104305519,0.0001386962552011525,0.10946394028949587,0.0001386962552011525,0.0001386962552011525,MAPREDUCE-6889
0.00017211703958694134,0.00017211703958694134,0.00017211703958694134,0.00017211703958694134,0.00017211703958694134,0.9984509466437176,0.00017211703958694134,0.00017211703958694134,0.00017211703958694134,0.00017211703958694134,MAPREDUCE-6877
0.00010626992561106595,0.00010626992561106595,0.00010626992561106595,0.9990435706695002,0.00010626992561106595,0.00010626992561106595,0.00010626992561106595,0.00010626992561106595,0.00010626992561106595,0.00010626992561106595,MAPREDUCE-6871
7.627765064837566e-05,7.627765064837566e-05,7.627765064837566e-05,7.627765064837566e-05,7.627765064837566e-05,7.627765064837566e-05,7.627765064837566e-05,0.5114996470211303,7.627765064837566e-05,0.4878901317736825,MAPREDUCE-6854
0.00016638935108155488,0.00016638935108155488,0.00016638935108155488,0.00016638935108155488,0.00016638935108155488,0.00016638935108155488,0.00016638935108155488,0.00016638935108155488,0.00016638935108155488,0.998502495840266,MAPREDUCE-6840
0.0001367989056088084,0.0001367989056088084,0.0001367989056088084,0.2364037999703955,0.0001367989056088084,0.0001367989056088084,0.0001367989056088084,0.15631720160418403,0.018617098412183366,0.5878411065795843,MAPREDUCE-6823
9.514747859183222e-05,9.514747859183222e-05,9.514747859183222e-05,9.514747859183222e-05,9.514747859183222e-05,9.514747859183222e-05,9.514747859183222e-05,9.514747859183222e-05,9.514747859183222e-05,0.9991436726926735,MAPREDUCE-6803
0.000131406044678104,0.000131406044678104,0.12829459697710993,0.40144543602699434,0.15176890217127104,0.14290013414869865,0.000131406044678104,0.000131406044678104,0.17493390045253537,0.000131406044678104,MAPREDUCE-6778
0.0004149377593362029,0.0004149377593362029,0.0004149377593362029,0.0004149377593362029,0.0004149377593362029,0.0004149377593362029,0.0004149377593362029,0.44701681827231,0.0004149377593362029,0.5496636796530004,MAPREDUCE-6760
8.190008190009608e-05,8.190008190009608e-05,8.190008190009608e-05,8.190008190009608e-05,8.190008190009608e-05,0.999262899262899,8.190008190009608e-05,8.190008190009608e-05,8.190008190009608e-05,8.190008190009608e-05,MAPREDUCE-6754
0.0002320185614849884,0.0002320185614849884,0.0002320185614849884,0.0002320185614849884,0.4059041592209057,0.0002320185614849884,0.0002320185614849884,0.5922396922872144,0.0002320185614849884,0.0002320185614849884,MAPREDUCE-6726
0.00034364261168390645,0.00034364261168390645,0.00034364261168390645,0.00034364261168390645,0.00034364261168390645,0.00034364261168390645,0.00034364261168390645,0.00034364261168390645,0.9969072164948448,0.00034364261168390645,MAPREDUCE-6697
0.00011890606420929247,0.00011890606420929247,0.00011890606420929247,0.9989298454221162,0.00011890606420929247,0.00011890606420929247,0.00011890606420929247,0.00011890606420929247,0.00011890606420929247,0.00011890606420929247,MAPREDUCE-6690
0.29914233681904473,0.6972377536786921,0.00045248868778288915,0.00045248868778288915,0.00045248868778288915,0.00045248868778288915,0.00045248868778288915,0.00045248868778288915,0.00045248868778288915,0.00045248868778288915,MAPREDUCE-4505
0.7229915330516038,0.00013679890560880354,0.00013679890560880354,0.00013679890560880354,0.2759140757035256,0.00013679890560880354,0.00013679890560880354,0.00013679890560880354,0.00013679890560880354,0.00013679890560880354,MAPREDUCE-6679
0.1882248477307639,0.30443699879651936,0.07492754945333292,0.00043290043290053406,0.4298132014219806,0.00043290043290053406,0.00043290043290053406,0.00043290043290053406,0.00043290043290053406,0.00043290043290053406,MAPREDUCE-6669
0.0009009009009011024,0.0009009009009011024,0.0009009009009011024,0.0009009009009011024,0.0009009009009011024,0.0009009009009011024,0.624535667098251,0.0009009009009011024,0.0009009009009011024,0.3682571256945402,MAPREDUCE-6666
0.00039840637450207114,0.00039840637450207114,0.00039840637450207114,0.45546766576231107,0.00039840637450207114,0.3506228346343485,0.00039840637450207114,0.00039840637450207114,0.19112065498182576,0.00039840637450207114,MAPREDUCE-6653
0.1275160804623693,0.2061748904340403,0.10532666186031657,0.00034364261168396646,0.5589205115731699,0.00034364261168396646,0.00034364261168396646,0.00034364261168396646,0.00034364261168396646,0.00034364261168396646,MAPREDUCE-6638
0.00017513134851142903,0.00017513134851142903,0.00017513134851142903,0.4771280207702417,0.5214709284416669,0.00017513134851142903,0.00017513134851142903,0.00017513134851142903,0.00017513134851142903,0.00017513134851142903,MAPREDUCE-6631
0.00038314176245222753,0.00038314176245222753,0.00038314176245222753,0.4826637299720052,0.00038314176245222753,0.00038314176245222753,0.00038314176245222753,0.5142711359283769,0.00038314176245222753,0.00038314176245222753,MAPREDUCE-6608
0.0001406469760900455,0.0001406469760900455,0.45681581982407304,0.2882169489285801,0.0001406469760900455,0.13607126073560313,0.0001406469760900455,0.0001406469760900455,0.0001406469760900455,0.1180520886552035,MAPREDUCE-6598
0.000321543408360155,0.000321543408360155,0.000321543408360155,0.000321543408360155,0.000321543408360155,0.000321543408360155,0.000321543408360155,0.000321543408360155,0.000321543408360155,0.9971061093247586,MAPREDUCE-6578
0.0001406469760900387,0.0001406469760900387,0.0001406469760900387,0.0001406469760900387,0.2711461348465866,0.0001406469760900387,0.2379805053753174,0.0001406469760900387,0.0001406469760900387,0.4898888309454656,MAPREDUCE-6572
0.00024330900243314007,0.1928753387856356,0.00024330900243314007,0.00024330900243314007,0.4478975591703872,0.00024330900243314007,0.00024330900243314007,0.08725384921942168,0.00024330900243314007,0.2705133988099567,MAPREDUCE-6545
6.0569351907944566e-05,6.0569351907944566e-05,6.0569351907944566e-05,6.0569351907944566e-05,6.0569351907944566e-05,6.0569351907944566e-05,6.0569351907944566e-05,0.8098896709499892,0.18962577423474739,6.0569351907944566e-05,MAPREDUCE-6531
0.0005847953216375097,0.0005847953216375097,0.0005847953216375097,0.0005847953216375097,0.37824815009006,0.0005847953216375097,0.0005847953216375097,0.6170734873368399,0.0005847953216375097,0.0005847953216375097,MAPREDUCE-6490
0.00010741138560689932,0.00010741138560689932,0.00010741138560689932,0.00010741138560689932,0.00010741138560689932,0.9990332975295377,0.00010741138560689932,0.00010741138560689932,0.00010741138560689932,0.00010741138560689932,MAPREDUCE-6516
0.1997931646032748,0.13775629428575686,0.0002169197396963452,0.6609321029330939,0.0002169197396963452,0.0002169197396963452,0.0002169197396963452,0.0002169197396963452,0.0002169197396963452,0.0002169197396963452,MAPREDUCE-6423
0.36853647675690915,0.0003215434083602191,0.0003215434083602191,0.0003215434083602191,0.0003215434083602191,0.0003215434083602191,0.0003215434083602191,0.0003215434083602191,0.6288911759762091,0.0003215434083602191,MAPREDUCE-6501
0.0002433090024331445,0.0002433090024331445,0.1632229735823522,0.0002433090024331445,0.8348305543981829,0.0002433090024331445,0.0002433090024331445,0.0002433090024331445,0.0002433090024331445,0.0002433090024331445,MAPREDUCE-6473
0.00019960079840321661,0.00019960079840321661,0.00019960079840321661,0.4430786104461549,0.00019960079840321661,0.00019960079840321661,0.5006315037915497,0.00019960079840321661,0.05489268017347303,0.00019960079840321661,MAPREDUCE-6466
0.00026954177897582296,0.00026954177897582296,0.5113578532728341,0.00026954177897582296,0.00026954177897582296,0.00026954177897582296,0.00026954177897582296,0.4864858124953594,0.00026954177897582296,0.00026954177897582296,MAPREDUCE-6461
0.0001314060446780766,0.0001314060446780766,0.0001314060446780766,0.998817345597897,0.0001314060446780766,0.0001314060446780766,0.0001314060446780766,0.0001314060446780766,0.0001314060446780766,0.0001314060446780766,MAPREDUCE-6453
0.16094285419445148,0.4880154735252293,0.00026246719160112543,0.00026246719160112543,0.00026246719160112543,0.00026246719160112543,0.00026246719160112543,0.00026246719160112543,0.34920440193911134,0.00026246719160112543,MAPREDUCE-6444
0.5212832179032515,0.00030211480362545576,0.00030211480362545576,0.00030211480362545576,0.00030211480362545576,0.00030211480362545576,0.00030211480362545576,0.00030211480362545576,0.00030211480362545576,0.47629986366774485,MAPREDUCE-6390
0.00039840637450206013,0.00039840637450206013,0.5003254890904386,0.00039840637450206013,0.00039840637450206013,0.00039840637450206013,0.00039840637450206013,0.4964872599135447,0.00039840637450206013,0.00039840637450206013,MAPREDUCE-6370
0.00020790020790023494,0.03751514039339309,0.13112003006312553,0.8299095280881799,0.00020790020790023494,0.00020790020790023494,0.00020790020790023494,0.00020790020790023494,0.00020790020790023494,0.00020790020790023494,MAPREDUCE-6332
0.17329518154051315,0.0006211180124225402,0.47440793267914044,0.0006211180124225402,0.18332258649289063,0.0006211180124225402,0.16524759121292035,0.0006211180124225402,0.0006211180124225402,0.0006211180124225402,MAPREDUCE-6327
6.798096532971925e-05,6.798096532971925e-05,6.798096532971925e-05,6.798096532971925e-05,6.798096532971925e-05,6.798096532971925e-05,0.9993881713120327,6.798096532971925e-05,6.798096532971925e-05,6.798096532971925e-05,MAPREDUCE-6283
7.806401249025688e-05,7.806401249025688e-05,7.806401249025688e-05,7.806401249025688e-05,7.806401249025688e-05,7.806401249025688e-05,0.859192790566143,7.806401249025688e-05,7.806401249025688e-05,0.14018269733393499,MAPREDUCE-6258
0.00016920473773268468,0.5776811881621855,0.00016920473773268468,0.00016920473773268468,0.00016920473773268468,0.00016920473773268468,0.420965173935953,0.00016920473773268468,0.00016920473773268468,0.00016920473773268468,MAPREDUCE-6251
0.25021853794363375,0.0002036659877800889,0.0002036659877800889,0.2673895603505099,0.0002036659877800889,0.0002036659877800889,0.417179291781744,0.06399061399743201,0.0002036659877800889,0.0002036659877800889,MAPREDUCE-6219
0.00014903129657234588,0.47451843142382816,0.00014903129657234588,0.24233096574557866,0.00014903129657234588,0.00014903129657234588,0.00014903129657234588,0.00014903129657234588,0.28210738375458666,0.00014903129657234588,MAPREDUCE-6208
0.00038314176245224065,0.00038314176245224065,0.00038314176245224065,0.00038314176245224065,0.26991360191346664,0.00038314176245224065,0.47592294152310843,0.00038314176245224065,0.00038314176245224065,0.2514814642262592,MAPREDUCE-6141
0.00010298661174051033,0.00010298661174051033,0.00010298661174051033,0.00010298661174051033,0.23772636222919782,0.11094558325590842,0.49065549143536363,0.16005464340908698,0.00010298661174051033,0.00010298661174051033,MAPREDUCE-6135
0.0001721170395869471,0.0001721170395869471,0.0001721170395869471,0.9984509466437176,0.0001721170395869471,0.0001721170395869471,0.0001721170395869471,0.0001721170395869471,0.0001721170395869471,0.0001721170395869471,MAPREDUCE-6113
0.00035587188612108456,0.00035587188612108456,0.00035587188612108456,0.00035587188612108456,0.00035587188612108456,0.00035587188612108456,0.9967971530249101,0.00035587188612108456,0.00035587188612108456,0.00035587188612108456,MAPREDUCE-6128
0.0009900990099011916,0.21336941481476493,0.0009900990099011916,0.0009900990099011916,0.0009900990099011916,0.0009900990099011916,0.0009900990099011916,0.39708800513919684,0.0009900990099011916,0.38261188697673,MAPREDUCE-6124
0.00025575447570338046,0.27209163317618834,0.00025575447570338046,0.00025575447570338046,0.00025575447570338046,0.00025575447570338046,0.45352201124750174,0.2725960742463864,0.00025575447570338046,0.00025575447570338046,MAPREDUCE-6084
0.00019960079840323266,0.14463117136004155,0.00019960079840323266,0.00019960079840323266,0.00019960079840323266,0.00019960079840323266,0.494832988643444,0.35913863440769184,0.00019960079840323266,0.00019960079840323266,MAPREDUCE-6080
0.000226757369614587,0.000226757369614587,0.000226757369614587,0.000226757369614587,0.1628624536918125,0.08009537836448134,0.7554548663564042,0.000226757369614587,0.000226757369614587,0.000226757369614587,MAPREDUCE-6059
0.25196441059333174,0.00034364261168389946,0.00034364261168389946,0.5241779606562256,0.22145213046865536,0.00034364261168389946,0.00034364261168389946,0.00034364261168389946,0.00034364261168389946,0.00034364261168389946,MAPREDUCE-6047
0.0014084507042254636,0.0014084507042254636,0.0014084507042254636,0.0014084507042254636,0.0014084507042254636,0.0014084507042254636,0.0014084507042254636,0.987323943661971,0.0014084507042254636,0.0014084507042254636,MAPREDUCE-6018
0.00018832391713753045,0.00018832391713753045,0.7646523358446979,0.00018832391713753045,0.2338410728182019,0.00018832391713753045,0.00018832391713753045,0.00018832391713753045,0.00018832391713753045,0.00018832391713753045,MAPREDUCE-6000
0.0004975124378110919,0.0004975124378110919,0.0004975124378110919,0.0004975124378110919,0.0004975124378110919,0.9955223880597001,0.0004975124378110919,0.0004975124378110919,0.0004975124378110919,0.0004975124378110919,MAPREDUCE-5995
0.00033222591362135474,0.00033222591362135474,0.6125101295687497,0.00033222591362135474,0.00033222591362135474,0.00033222591362135474,0.3848320631222794,0.00033222591362135474,0.00033222591362135474,0.00033222591362135474,MAPREDUCE-5989
0.0003436426116839376,0.0003436426116839376,0.0003436426116839376,0.415947996464078,0.0003436426116839376,0.0003436426116839376,0.0003436426116839376,0.34315448298004664,0.0003436426116839376,0.2384920222740878,MAPREDUCE-5951
0.0003215434083602855,0.0003215434083602855,0.0003215434083602855,0.0003215434083602855,0.17030633683193797,0.0003215434083602855,0.4447762444907757,0.0003215434083602855,0.0003215434083602855,0.3826666148187643,MAPREDUCE-5899
0.0002695417789757987,0.0002695417789757987,0.0002695417789757987,0.0002695417789757987,0.0002695417789757987,0.997574123989218,0.0002695417789757987,0.0002695417789757987,0.0002695417789757987,0.0002695417789757987,MAPREDUCE-5910
0.382849553624512,0.00041493775933616967,0.00041493775933616967,0.00041493775933616967,0.40678813106038486,0.20745775099974978,0.00041493775933616967,0.00041493775933616967,0.00041493775933616967,0.00041493775933616967,MAPREDUCE-5891
0.44329410927465357,0.3713574067310398,0.18302290259895737,0.00033222591362132834,0.00033222591362132834,0.00033222591362132834,0.00033222591362132834,0.00033222591362132834,0.00033222591362132834,0.00033222591362132834,MAPREDUCE-5890
0.0005235602094241507,0.0005235602094241507,0.0005235602094241507,0.0005235602094241507,0.0005235602094241507,0.0005235602094241507,0.719140850531447,0.0005235602094241507,0.0005235602094241507,0.2766706677931599,MAPREDUCE-5887
0.0005235602094241906,0.08659906544912152,0.0005235602094241906,0.0005235602094241906,0.0005235602094241906,0.5426294166695713,0.0005235602094241906,0.0005235602094241906,0.3671065964153377,0.0005235602094241906,MAPREDUCE-5871
0.0002079002079002262,0.20350647938817676,0.0002079002079002262,0.0002079002079002262,0.0002079002079002262,0.0002079002079002262,0.0002079002079002262,0.3970568706756425,0.3979813484808792,0.0002079002079002262,MAPREDUCE-5870
0.19816217977561054,0.0003322259136213427,0.0003322259136213427,0.0003322259136213427,0.21361227498908372,0.0003322259136213427,0.0003322259136213427,0.0003322259136213427,0.40933125726329517,0.1769009324902826,MAPREDUCE-5786
0.12125214782273723,0.0005235602094242615,0.0005235602094242615,0.0005235602094242615,0.0005235602094242615,0.22635644685153286,0.0005235602094242615,0.48071725484642325,0.168532789222761,0.0005235602094242615,MAPREDUCE-5712
0.28206233773411127,0.00039840637450204664,0.00039840637450204664,0.00039840637450204664,0.00039840637450204664,0.00039840637450204664,0.00039840637450204664,0.00039840637450204664,0.7147504112698723,0.00039840637450204664,MAPREDUCE-5691
0.0005235602094241539,0.0005235602094241539,0.0005235602094241539,0.0005235602094241539,0.0005235602094241539,0.46588376672862464,0.0005235602094241539,0.529927751595982,0.0005235602094241539,0.0005235602094241539,MAPREDUCE-5651
8.688097306692503e-05,8.688097306692503e-05,8.688097306692503e-05,8.688097306692503e-05,0.40507537158517104,0.5942295806302935,8.688097306692503e-05,8.688097306692503e-05,8.688097306692503e-05,8.688097306692503e-05,MAPREDUCE-5672
0.0003436426116838902,0.0003436426116838902,0.0003436426116838902,0.9969072164948448,0.0003436426116838902,0.0003436426116838902,0.0003436426116838902,0.0003436426116838902,0.0003436426116838902,0.0003436426116838902,MAPREDUCE-5663
0.0006622516556291888,0.2736618954193807,0.0006622516556291888,0.0006622516556291888,0.0006622516556291888,0.0006622516556291888,0.0006622516556291888,0.7210400913355859,0.0006622516556291888,0.0006622516556291888,MAPREDUCE-5658
0.056880198731228716,6.131207847948651e-05,6.131207847948651e-05,0.37406628233491,6.131207847948651e-05,6.131207847948651e-05,6.131207847948651e-05,6.131207847948651e-05,0.21886547555009467,0.34982017091288975,MAPREDUCE-5646
0.046561470888237984,4.670714619337506e-05,4.670714619337506e-05,4.670714619337506e-05,4.670714619337506e-05,0.13430345940527902,4.670714619337506e-05,4.670714619337506e-05,0.8188081196831294,4.670714619337506e-05,MAPREDUCE-5643
0.0024390243902440226,0.9780487804878041,0.0024390243902440226,0.0024390243902440226,0.0024390243902440226,0.0024390243902440226,0.0024390243902440226,0.0024390243902440226,0.0024390243902440226,0.0024390243902440226,MAPREDUCE-5633
0.0003115264797508635,0.30037749269224634,0.6971302954697469,0.0003115264797508635,0.0003115264797508635,0.0003115264797508635,0.0003115264797508635,0.0003115264797508635,0.0003115264797508635,0.0003115264797508635,MAPREDUCE-5615
0.0001848428835490998,0.0001848428835490998,0.0001848428835490998,0.0001848428835490998,0.2530445574333368,0.0001848428835490998,0.09210538381108506,0.0001848428835490998,0.6535561585707346,0.0001848428835490998,MAPREDUCE-5605
0.00018832391713751457,0.00018832391713751457,0.15412269735421058,0.00018832391713751457,0.00018832391713751457,0.00018832391713751457,0.00018832391713751457,0.00018832391713751457,0.8443707113086893,0.00018832391713751457,MAPREDUCE-5583
0.00015360983102921425,0.00015360983102921425,0.00015360983102921425,0.00015360983102921425,0.00015360983102921425,0.00015360983102921425,0.9986175115207369,0.00015360983102921425,0.00015360983102921425,0.00015360983102921425,MAPREDUCE-5577
0.0001848428835490055,0.0001848428835490055,0.0001848428835490055,0.0001848428835490055,0.3064185919811195,0.0001848428835490055,0.0001848428835490055,0.31493628465940504,0.37735122317463227,0.0001848428835490055,MAPREDUCE-5553
0.0003984063745021217,0.4143928547282232,0.0003984063745021217,0.0003984063745021217,0.0003984063745021217,0.0003984063745021217,0.0003984063745021217,0.5824198942757598,0.0003984063745021217,0.0003984063745021217,MAPREDUCE-5548
0.5132713841925853,0.2912418677713762,3.648303538855509e-05,0.1952313667883185,3.648303538855509e-05,3.648303538855509e-05,3.648303538855509e-05,3.648303538855509e-05,3.648303538855509e-05,3.648303538855509e-05,MAPREDUCE-5494
0.00030211480362544665,0.00030211480362544665,0.00030211480362544665,0.00030211480362544665,0.519093370169395,0.00030211480362544665,0.00030211480362544665,0.00030211480362544665,0.47848971140160146,0.00030211480362544665,MAPREDUCE-5370
0.2801162187443467,0.00010193679918454583,0.00010193679918454583,0.00010193679918454583,0.00010193679918454583,0.2896129565679807,0.00010193679918454583,0.00010193679918454583,0.4295572670933807,0.00010193679918454583,MAPREDUCE-5507
0.0012345679012348693,0.0012345679012348693,0.0012345679012348693,0.0012345679012348693,0.0012345679012348693,0.0012345679012348693,0.0012345679012348693,0.2314248894494938,0.7586985673406274,0.0012345679012348693,MAPREDUCE-5467
0.0001996007984032336,0.0001996007984032336,0.0001996007984032336,0.0001996007984032336,0.3332188136012999,0.0001996007984032336,0.0001996007984032336,0.0001996007984032336,0.22283126321744667,0.44255271759243087,MAPREDUCE-5449
0.0019607843137260115,0.0019607843137260115,0.0019607843137260115,0.0019607843137260115,0.21587365496044914,0.768440070529743,0.0019607843137260115,0.0019607843137260115,0.0019607843137260115,0.0019607843137260115,MAPREDUCE-5416
0.0003690036900370042,0.0003690036900370042,0.0003690036900370042,0.0003690036900370042,0.0003690036900370042,0.0003690036900370042,0.29548373080566726,0.0003690036900370042,0.7015642396740367,0.0003690036900370042,MAPREDUCE-5408
4.627487274411311e-05,4.627487274411311e-05,4.627487274411311e-05,4.627487274411311e-05,4.627487274411311e-05,0.5597730023002544,0.13905771400183606,4.627487274411311e-05,0.3008453595887006,4.627487274411311e-05,MAPREDUCE-5402
0.39019503134352584,0.00035587188612108884,0.00035587188612108884,0.00035587188612108884,0.28557796882694025,0.00035587188612108884,0.00035587188612108884,0.06930076778214415,0.25279100073066313,0.00035587188612108884,MAPREDUCE-5394
0.3705287841506768,0.0002493765586035529,0.0002493765586035529,0.0002493765586035529,0.2565088319558126,0.0002493765586035529,0.0002493765586035529,0.12599294911718997,0.2454731754246994,0.0002493765586035529,MAPREDUCE-5381
0.0003215434083602357,0.0003215434083602357,0.0003215434083602357,0.0003215434083602357,0.0003215434083602357,0.1642991874812496,0.0003215434083602357,0.0003215434083602357,0.8331284652518685,0.0003215434083602357,MAPREDUCE-5279
0.00030211480362549593,0.00030211480362549593,0.00030211480362549593,0.00030211480362549593,0.7193586378740562,0.07412423892057346,0.00030211480362549593,0.20440231957999203,0.00030211480362549593,0.00030211480362549593,MAPREDUCE-5353
0.0009900990099010393,0.9910891089108909,0.0009900990099010393,0.0009900990099010393,0.0009900990099010393,0.0009900990099010393,0.0009900990099010393,0.0009900990099010393,0.0009900990099010393,0.0009900990099010393,MAPREDUCE-5326
0.0007633587786260862,0.0007633587786260862,0.0007633587786260862,0.0007633587786260862,0.0007633587786260862,0.0007633587786260862,0.0007633587786260862,0.0007633587786260862,0.9931297709923652,0.0007633587786260862,MAPREDUCE-5310
0.00019193857965454754,0.19271778815152893,0.00019193857965454754,0.415843292029613,0.00019193857965454754,0.3900953497612762,0.00019193857965454754,0.00019193857965454754,0.00019193857965454754,0.00019193857965454754,MAPREDUCE-5287
8.190008190009234e-05,8.190008190009234e-05,8.190008190009234e-05,8.190008190009234e-05,8.190008190009234e-05,8.190008190009234e-05,8.190008190009234e-05,8.190008190009234e-05,8.190008190009234e-05,0.9992628992628991,MAPREDUCE-5278
0.31471679095664923,0.10886141545866455,0.000584795321637522,0.000584795321637522,0.000584795321637522,0.12822796798579233,0.000584795321637522,0.000584795321637522,0.4446850536690687,0.000584795321637522,MAPREDUCE-5269
0.0002770083102493624,0.0002770083102493624,0.0002770083102493624,0.0002770083102493624,0.0002770083102493624,0.0002770083102493624,0.8474104619542783,0.0002770083102493624,0.0002770083102493624,0.15037347156372688,MAPREDUCE-5268
0.00020790020790024122,0.00020790020790024122,0.00020790020790024122,0.00020790020790024122,0.00020790020790024122,0.00020790020790024122,0.9981288981288979,0.00020790020790024122,0.00020790020790024122,0.00020790020790024122,MAPREDUCE-5267
0.4630610077698137,0.3287472106077052,0.0008264462809918148,0.0008264462809918148,0.0008264462809918148,0.0008264462809918148,0.0008264462809918148,0.0008264462809918148,0.0008264462809918148,0.2024066576555386,MAPREDUCE-5246
0.15980597402720106,0.0006622516556293602,0.0006622516556293602,0.0006622516556293602,0.0006622516556293602,0.0006622516556293602,0.11363020071414569,0.2781615136946188,0.44442880163025833,0.0006622516556293602,MAPREDUCE-5197
0.0004739336492891864,0.0004739336492891864,0.0004739336492891864,0.0004739336492891864,0.0004739336492891864,0.0004739336492891864,0.0004739336492891864,0.0004739336492891864,0.46881725570418487,0.5273912751015016,MAPREDUCE-5196
0.0004149377593362245,0.0004149377593362245,0.0004149377593362245,0.0004149377593362245,0.0004149377593362245,0.0004149377593362245,0.0004149377593362245,0.0004149377593362245,0.6450580364800128,0.3516224614452974,MAPREDUCE-5189
0.0009009009009010286,0.5373285098002359,0.0009009009009010286,0.0009009009009010286,0.0009009009009010286,0.45546428299255604,0.0009009009009010286,0.0009009009009010286,0.0009009009009010286,0.0009009009009010286,MAPREDUCE-5177
0.9982387475538158,0.00019569471624269056,0.00019569471624269056,0.00019569471624269056,0.00019569471624269056,0.00019569471624269056,0.00019569471624269056,0.00019569471624269056,0.00019569471624269056,0.00019569471624269056,MAPREDUCE-5168
0.0003984063745020413,0.0003984063745020413,0.0003984063745020413,0.0003984063745020413,0.0003984063745020413,0.0003984063745020413,0.0003984063745020413,0.9964143426294815,0.0003984063745020413,0.0003984063745020413,MAPREDUCE-5120
0.7739942614415158,0.00032154340836016874,0.00032154340836016874,0.00032154340836016874,0.00032154340836016874,0.00032154340836016874,0.2234333912916027,0.00032154340836016874,0.00032154340836016874,0.00032154340836016874,MAPREDUCE-5153
0.0006211180124224005,0.0006211180124224005,0.0006211180124224005,0.0006211180124224005,0.0006211180124224005,0.0006211180124224005,0.9944099378881982,0.0006211180124224005,0.0006211180124224005,0.0006211180124224005,MAPREDUCE-5135
0.00029325513196487877,0.00029325513196487877,0.00029325513196487877,0.00029325513196487877,0.9973607038123162,0.00029325513196487877,0.00029325513196487877,0.00029325513196487877,0.00029325513196487877,0.00029325513196487877,MAPREDUCE-5124
0.0001280409731114412,0.0001280409731114412,0.0001280409731114412,0.6693752633534444,0.0001280409731114412,0.0001280409731114412,0.0001280409731114412,0.0001280409731114412,0.3296004088616639,0.0001280409731114412,MAPREDUCE-5093
0.0001751313485114316,0.0001751313485114316,0.0001751313485114316,0.0001751313485114316,0.8468178897155987,0.0001751313485114316,0.15178105949630996,0.0001751313485114316,0.0001751313485114316,0.0001751313485114316,MAPREDUCE-5079
0.6664663369375399,0.3311167446334571,0.00030211480362540404,0.00030211480362540404,0.00030211480362540404,0.00030211480362540404,0.00030211480362540404,0.00030211480362540404,0.00030211480362540404,0.00030211480362540404,MAPREDUCE-5063
0.00010857763300763231,0.00010857763300763231,0.00010857763300763231,0.2635291386636547,0.5780706009697837,0.00010857763300763231,0.00010857763300763231,0.05676272903241596,0.10098606553609984,0.00010857763300763231,MAPREDUCE-5026
0.15480878567345716,0.5538529444000879,0.2905252617963732,0.0001161440185830646,0.0001161440185830646,0.0001161440185830646,0.0001161440185830646,0.0001161440185830646,0.0001161440185830646,0.0001161440185830646,MAPREDUCE-5025
0.1949076673152206,8.764241893076772e-05,8.764241893076772e-05,8.764241893076772e-05,8.764241893076772e-05,8.764241893076772e-05,8.764241893076772e-05,8.764241893076772e-05,0.8043911933333332,8.764241893076772e-05,MAPREDUCE-5019
5.777007510111808e-05,0.2950973883573556,0.2528998562127671,5.777007510111808e-05,5.777007510111808e-05,0.21615780699063367,0.07024274276310925,0.16531335530062882,5.777007510111808e-05,5.777007510111808e-05,MAPREDUCE-5018
0.3962096664133298,7.513148009017373e-05,7.513148009017373e-05,7.513148009017373e-05,0.2151496186921049,0.3881147945339342,7.513148009017373e-05,7.513148009017373e-05,7.513148009017373e-05,7.513148009017373e-05,MAPREDUCE-5010
0.3964941298882508,0.0003984063745020784,0.0003984063745020784,0.0003984063745020784,0.0003984063745020784,0.6003186191157326,0.0003984063745020784,0.0003984063745020784,0.0003984063745020784,0.0003984063745020784,MAPREDUCE-5002
0.0009009009009009791,0.0009009009009009791,0.0009009009009009791,0.0009009009009009791,0.0009009009009009791,0.0009009009009009791,0.9918918918918913,0.0009009009009009791,0.0009009009009009791,0.0009009009009009791,MAPREDUCE-4968
0.29419159521045296,0.00013140604467807627,0.00013140604467807627,0.7047571564321221,0.00013140604467807627,0.00013140604467807627,0.00013140604467807627,0.00013140604467807627,0.00013140604467807627,0.00013140604467807627,MAPREDUCE-4961
0.0003215434083601769,0.22377930025032114,0.0003215434083601769,0.0003215434083601769,0.20383806561991152,0.0003215434083601769,0.570131830271246,0.0003215434083601769,0.0003215434083601769,0.0003215434083601769,MAPREDUCE-4949
0.4209873934850811,0.00014471780028946622,0.00014471780028946622,0.00014471780028946622,0.5320015673494521,0.00014471780028946622,0.045998014563440284,0.00014471780028946622,0.00014471780028946622,0.00014471780028946622,MAPREDUCE-4946
0.00026246719160109844,0.00026246719160109844,0.00026246719160109844,0.00026246719160109844,0.00026246719160109844,0.34597131046817403,0.41384451896510066,0.23834690022551788,0.00026246719160109844,0.00026246719160109844,MAPREDUCE-4917
0.0001447178002894684,0.0001447178002894684,0.09803320226211883,0.0001447178002894684,0.7272579800589892,0.0001447178002894684,0.17369579307686558,0.0001447178002894684,0.0001447178002894684,0.0001447178002894684,MAPREDUCE-4912
0.043976291763916354,0.0002770083102494467,0.0002770083102494467,0.0002770083102494467,0.0002770083102494467,0.05282002262528143,0.0002770083102494467,0.24348007027662122,0.6580615654726842,0.0002770083102494467,MAPREDUCE-4900
0.06239722066593227,0.00043290043290049465,0.00043290043290049465,0.00043290043290049465,0.00043290043290049465,0.00043290043290049465,0.5688820315705145,0.36569044473324946,0.00043290043290049465,0.00043290043290049465,MAPREDUCE-4899
0.6629919147933181,0.00023752969121142192,0.00023752969121142192,0.3351078476769906,0.00023752969121142192,0.00023752969121142192,0.00023752969121142192,0.00023752969121142192,0.00023752969121142192,0.00023752969121142192,MAPREDUCE-4891
8.61326442722049e-05,8.61326442722049e-05,0.3366032592059626,0.5393293147776117,8.61326442722049e-05,8.61326442722049e-05,8.61326442722049e-05,0.1234644975065203,8.61326442722049e-05,8.61326442722049e-05,MAPREDUCE-4876
0.07364228254044118,0.36424511136802307,0.0001663893510816039,0.3298365211196066,0.23127774886543967,0.0001663893510816039,0.0001663893510816039,0.0001663893510816039,0.0001663893510816039,0.0001663893510816039,MAPREDUCE-4868
0.7886522455743579,0.00022675736961459214,0.00022675736961459214,0.00022675736961459214,0.00022675736961459214,0.00022675736961459214,0.00022675736961459214,0.20953369546872558,0.00022675736961459214,0.00022675736961459214,MAPREDUCE-4863
0.0003436426116839124,0.08387830271051715,0.7605337260991525,0.15318247290854278,0.0003436426116839124,0.0003436426116839124,0.0003436426116839124,0.0003436426116839124,0.0003436426116839124,0.0003436426116839124,MAPREDUCE-4851
0.09551043773347162,0.00031152647975085917,0.7309133071139119,0.07291571179792011,0.00031152647975085917,0.00031152647975085917,0.09879138447619143,0.00031152647975085917,0.00031152647975085917,0.00031152647975085917,MAPREDUCE-4847
0.00018484288354909243,0.00018484288354909243,0.00018484288354909243,0.00018484288354909243,0.7810125272191616,0.00018484288354909243,0.00018484288354909243,0.10125106562322593,0.00018484288354909243,0.116442506972769,MAPREDUCE-4831
0.5006745305575787,0.49831409143989236,0.00012642225031608882,0.00012642225031608882,0.00012642225031608882,0.00012642225031608882,0.00012642225031608882,0.00012642225031608882,0.00012642225031608882,0.00012642225031608882,MAPREDUCE-4776
0.37999209335070655,0.00019569471624276052,0.280668428170808,0.00019569471624276052,0.14312516793405786,0.00019569471624276052,0.00019569471624276052,0.00019569471624276052,0.00019569471624276052,0.19504014224697094,MAPREDUCE-4755
8.613264427219985e-05,0.2565578796786637,8.613264427219985e-05,8.613264427219985e-05,8.613264427219985e-05,0.23189009173743313,8.613264427219985e-05,0.5109491000739976,8.613264427219985e-05,8.613264427219985e-05,MAPREDUCE-4661
0.00033222591362142175,0.00033222591362142175,0.00033222591362142175,0.00033222591362142175,0.00033222591362142175,0.3524384858912605,0.644903706799768,0.00033222591362142175,0.00033222591362142175,0.00033222591362142175,MAPREDUCE-4658
0.00016103059581324233,0.00016103059581324233,0.00016103059581324233,0.00016103059581324233,0.5243134507048083,0.00016103059581324233,0.00016103059581324233,0.4743983045286858,0.00016103059581324233,0.00016103059581324233,MAPREDUCE-4650
0.1557490943056041,0.00025575447570337547,0.5701530397026334,0.00025575447570337547,0.00025575447570337547,0.00025575447570337547,0.27230758466183885,0.00025575447570337547,0.00025575447570337547,0.00025575447570337547,MAPREDUCE-4616
